##########################################################################################
0 1 1 1 1 1 0 1 1 1 1
1 0 1 0 1 1 1 1 0 1 1
1 1 0 1 1 1 0 1 1 1 0
1 0 1 0 1 1 1 1 1 1 0
1 1 1 1 0 1 1 1 1 0 1
1 1 1 1 1 0 0 1 1 0 1
0 1 0 1 1 0 0 1 1 1 1
1 1 1 1 1 1 1 0 1 1 1
1 0 1 1 1 1 1 1 0 1 1
1 1 1 1 0 0 1 1 1 0 1
1 1 0 0 1 1 1 1 1 1 0
##########################################################################################
TMAT
1.0 0.0 0.0 0.0 0.0 0.0 0.0 0.0 0.0 0.0 0.0 
0.0 1.0 0.0 0.0 0.0 0.0 0.0 0.0 0.0 0.0 0.0 
0.0 0.0 1.0 0.0 0.0 0.0 0.0 0.0 0.0 0.0 0.0 
0.0 0.0 0.0 1.0 0.0 0.0 0.0 0.0 0.0 0.0 0.0 
0.0 0.0 0.0 0.0 1.0 0.0 0.0 0.0 0.0 0.0 0.0 
0.0 0.0 0.0 0.0 0.0 1.0 0.0 0.0 0.0 0.0 0.0 
0.0 0.0 0.0 0.0 0.0 0.0 1.0 0.0 0.0 0.0 0.0 
0.0 0.0 0.0 0.0 0.0 0.0 0.0 1.0 0.0 0.0 0.0 
0.0 0.0 0.0 0.0 0.0 0.0 0.0 0.0 1.0 0.0 0.0 
0.0 0.0 0.0 0.0 0.0 0.0 0.0 0.0 0.0 1.0 0.0 
0.0 0.0 0.0 0.0 0.0 0.0 0.0 0.0 0.0 0.0 1.0 



##########################################################################################
0 1 1 1 0 1 1 1 1 1 1
1 0 1 1 1 1 0 1 1 1 1
1 1 0 1 1 1 1 1 0 1 1
1 1 1 0 1 1 1 1 1 1 1
0 1 1 1 0 1 1 1 1 1 0
1 1 1 1 1 0 1 1 1 1 1
1 0 1 1 1 1 0 1 1 1 1
1 1 1 1 1 1 1 0 1 0 1
1 1 0 1 1 1 1 1 0 1 1
1 1 1 1 1 1 1 0 1 0 0
1 1 1 1 0 1 1 1 1 0 0
##########################################################################################
TMAT
0 0 0 0 -0.707106781186548 0 0 0 0 -0.707106781186548 0 
0 0 0 -0.707106781186548 0 -0.707106781186548 0 0 0 0 0 
0 0 0 0 0 0 0 0 0 0 1 
-0.707106781186548 0 0 0 0 0 0 -0.707106781186548 0 0 0 
0 -0.5 -0.5 0 0 0 -0.5 0 -0.5 0 0 
0 0 0 -0.707106781186548 0 0.707106781186548 0 0 0 0 0 
0 -0.5 0.5 0 0 0 -0.5 0 0.5 0 0 
0 0 0 0 -0.707106781186548 0 0 0 0 0.707106781186548 0 
-0.707106781186548 0 0 0 0 0 0 0.707106781186548 0 0 0 
0 0 0.707106781186548 0 0 0 0 0 -0.707106781186548 0 0 
0 -0.707106781186548 0 0 0 0 0.707106781186548 0 0 0 0 

##########################################################################################
0 1 1 1 1 1 1 1 1 1 1
1 0 1 1 1 1 1 1 1 1 1
1 1 0 0 1 1 1 1 1 0 1
1 1 0 0 0 1 1 1 0 0 1
1 1 1 0 0 1 1 1 0 1 1
1 1 1 1 1 0 1 1 1 1 1
1 1 1 1 1 1 0 1 1 1 1
1 1 1 1 1 1 1 0 1 1 1
1 1 1 0 0 1 1 1 0 1 1
1 1 0 0 1 1 1 1 1 0 1
1 1 1 1 1 1 1 1 1 1 0
##########################################################################################
TMAT
0.0 0.0 0.0 -1.0 -0.0 0.0 -0.0 -0.0 0.0 0.0 -0.0 
-0.0 -0.0 0.5 0.0 0.5 0.0 0.0 0.0 0.5 0.5 0.0 
-0.40825 -0.40825 0.0 0.0 0.0 -0.40825 -0.40825 -0.40825 0.0 0.0 -0.40825 
-0.0 -0.0 -0.5 0.0 0.5 -0.0 -0.0 -0.0 0.5 -0.5 -0.0 
-0.0 -0.0 -0.0 -0.0 -0.70711 0.0 -0.0 -0.0 0.70711 -0.0 -0.0 
-0.0 -0.0 -0.70711 0.0 -0.0 -0.0 -0.0 -0.0 -0.0 0.70711 -0.0 
-0.0 -0.11419 -0.0 0.0 0.0 -0.08909 0.79679 -0.58661 0.0 0.0 -0.0069 
0.0 -0.25428 -0.0 -0.0 0.0 -0.26574 0.40518 0.64647 0.0 0.0 -0.53163 
0.0 0.19331 -0.0 0.0 0.0 0.68911 -0.03097 -0.17641 0.0 0.0 -0.67504 
0.0 -0.82761 0.0 -0.0 -0.0 0.49656 0.0 0.08276 0.0 -0.0 0.24828 
-0.91287 0.18257 -0.0 -0.0 -0.0 0.18257 0.18257 0.18257 0.0 -0.0 0.18257 